17 309 -1 55 254
000000000000000000000000000000000000000000000000000000000000000001000000000000000000000000000000000000000000000000001010000000000000000000000000000000000000000000000000000000000000000000100000000000000000000000000000000000000000000000000000000000000000000000000100000000000000000010000000000000000000000000000
000000000000000000000000000000000000000000000000000000000000000000000000000000000000000000000000000000000000000000000000000000000000000000000000000000010000000000000000000000000000000000000000000000000000000000000000000000000000000000000000000000000000000000000000000000000000000000000000000000000000010000000
000000000000000000000000000000000000000000000000000000000000000000000000000000000000000000000000010000000000000000100000000000000000000000000010000000000000100000011010001000000000000000000000000000000000000000000001000000000000000000000000000000000000000000000000000000000000000000000010000000000000010000000
000000000000000000000000000000000000000000000000000000000000000100000000000000000000000000000000000000000000000000010000000000000000000000000000000000000000000000000000000000000010000000000000000000000000000000000000001000000000000000000000000000000000000000000000000000000000000010000000000000000000000000000
000000000000000000000000000000000000000000000000000000000000001110000000000000000000000000000000000100000010000000000000000000000000000000000000000000000000000000000000000000000000000000000000000000000000000000000000000010000000000000000000000000000000000000000000000000000000000000000000000000000000000000000
100100001010001000101000101100010111110110110010110000100000000000000000000000000000000000100000000000010000000000000000000000000000000000000000000000000000000000000000000000000000000000000000000000000000000000000000000000000000000000000000000000000000000000000000000000000000000000000000000000000000000000000
111000011101011100001011111110010010000100100110101111000011101010110011111011010001111101111010101000110100010111111101111110011011111000000101011010100011100000100100000111000110010101110000001000111110001101010100001101010000001000101101011010001001001001010010001100100000000001111000000001101000011111110
001011010011100001111101111011001111000011110111001100010000000000000000000000000000000100011000001000000000000001000100000100000000010000101000000010100010000000000001000000000000000001010000000001000100000010000000000000000000010000000001001000000001000000000001100100000000001100110000010001101000000001000
011101110001010000011010011101011111111111010101011110000000000000000000000000000000000000000000000000000000000000000000000000000000000000000000000000000000000000000000000000000000000000000000000000000000000000000000000000000000000000000000000000000000000000000000000000000000000000000000000000000000000000000
100111111011100011100110100111111010101110011001101111100000000000000000000000000000000000000000000000000000000000000000000000000000000000000000000000000000000000000000000000000000000000000000001000000000000000000000000000000000000000000000000000000000000000001000000101000000000000000000000100100000000000000
110001110101111101110111011110110111110110001110111010011110010111101001001111001100000001111110011001100011101111001111100101101111101010100011000011001111101111101011110010101010011010110011001000100010001010111100000111010010001101001101110011001110111001100110010000100100000000110111010111000010010100001
111101111110100111111010001111111111111111100111000101101011111010111001111010111100000101011110100010110001011110110011111111010010111010000011011101111010001000110110111100111101110100010101110111100101101101101010100110010011010000001000100010101000010010111111001111101010001001011101010011111110111001101
011011111101110111101111111111111110111110111011111111001101000110001110011101111010000100011101010000001110001001110110011110000111011100010111100100000001110011111000010011001101111101010100000111000001110011000010100011100100101010100110000011001010001000000100101011001011001001011001010000111100000010000
101111111111010111011110111111111111111011011011111101111111011111101111011100000110111110011010011110110111101111111011111110001110111011011011110110011010011000111111111110101001111111111111110011111010011101110111111111000000011100001110111110101010010001011011111011101011001111111111110110011110011101110
111111111111111111111111111111111011110111111111111111100000000000010000000010000000000000000000000000000100000000000001000000000000000100000000000000000000000000000000000000000100000001000000000000000000000001000100000000000000000000000000000000000000000000000011101101000000101000000000000001111110000111010
111111111111111111111111111011111111111111111011111111111111111111111111111111111110111111101111111011110111111111111111111111111111111111110111111111111101111111110111101111011111110111111111011111111111111111111011111111111111111000111111111111111110111001110111110111101101110111111111111011111110111111111
111111111111111111111111111111111111111111111111111111100000000100101100111100001110000001100110000100000000000001111000000000000000000000000000100000100000100100000000010100111010000000100000001010000010100010000110000000000000011001001010000000110010110000001001111110101100111001101111000111111111011111111
